7__row__rbf__1__0__auto__1_0 0.6998314407381121 0.6998314407381121 0.7580731014904187 101.0733392238617
7__row__rbf__1__0__scale__1_0 0.6995652945351313 0.6995652945351313 0.7579843860894251 136.1358470916748
7__row__rbf__1__0__auto__1024_0 0.7335876508161817 0.7335876508161817 0.7874822569198012 99.04525709152222
7__row__rbf__1__0__scale__1024_0 0.727111426543648 0.727111426543648 0.7849538679914834 93.83654427528381
7__row__rbf__1__0__auto__2048_0 0.7149574166075231 0.7149574166075231 0.7689850958126331 103.47885322570801
7__row__rbf__1__0__scale__2048_0 0.7283977998580553 0.7283977998580553 0.7729329311568488 109.06582379341125
7__column__rbf__1__0__auto__1_0 0.6971699787083038 0.6971699787083038 0.7299946770759403 50.704718589782715
7__column__rbf__1__0__scale__1_0 0.6954843860894251 0.6954843860894251 0.7264904187366927 54.95747900009155
7__column__rbf__1__0__auto__1024_0 0.7108765081618169 0.7108765081618169 0.7406848828956707 56.464279651641846
7__column__rbf__1__0__scale__1024_0 0.7157558552164656 0.7157558552164656 0.74361249112846 59.95956611633301
7__column__rbf__1__0__auto__2048_0 0.7135823278921221 0.7135823278921221 0.7418825408090844 60.156991481781006
7__column__rbf__1__0__scale__2048_0 0.7143807665010646 0.7143807665010646 0.7407292405961675 62.98017644882202
13__row__rbf__1__0__auto__1_0 0.6904276082327893 0.6904276082327893 0.7490241305890702 183.57586407661438
13__row__rbf__1__0__scale__1_0 0.700762952448545 0.700762952448545 0.7636178140525195 143.63769483566284
13__row__rbf__1__0__auto__1024_0 0.752971965933286 0.752971965933286 0.7983498935415189 82.2386999130249
13__row__rbf__1__0__scale__1024_0 0.725736337828247 0.725736337828247 0.776570262597587 65.126535654068
13__row__rbf__1__0__auto__2048_0 0.7537260468417317 0.7537260468417317 0.7980837473385379 81.74257445335388
13__row__rbf__1__0__scale__2048_0 0.7239176721078779 0.7239176721078779 0.7735982966643009 68.17321419715881
13__column__rbf__1__0__auto__1_0 0.7263129879347054 0.7263129879347054 0.7582061745919092 59.23068118095398
13__column__rbf__1__0__scale__1_0 0.7157558552164656 0.7157558552164656 0.7471611071682044 54.78884768486023
13__column__rbf__1__0__auto__1024_0 0.7479151880766501 0.7479151880766501 0.7783445706174592 42.57128143310547
13__column__rbf__1__0__scale__1024_0 0.7562100780695529 0.7562100780695529 0.7864176721078779 39.569220781326294
13__column__rbf__1__0__auto__2048_0 0.7678317955997161 0.7678317955997161 0.7981281050390348 43.24514293670654
13__column__rbf__1__0__scale__2048_0 0.7620209368346345 0.7620209368346345 0.7939141234918382 42.01355457305908
23__row__rbf__1__0__auto__1_0 0.6878105039034776 0.6878105039034776 0.7245386799148332 316.2699692249298
23__row__rbf__1__0__scale__1_0 0.7015613910574876 0.7015613910574876 0.7640170333569908 155.05405735969543
23__row__rbf__1__0__auto__1024_0 0.7338981547196594 0.7338981547196594 0.7768364088005678 94.14123702049255
23__row__rbf__1__0__scale__1024_0 0.7528388928317956 0.7528388928317956 0.7981724627395316 62.67854142189026
23__row__rbf__1__0__auto__2048_0 0.7501330731014905 0.7501330731014905 0.7900993612491128 87.80384111404419
23__row__rbf__1__0__scale__2048_0 0.751375088715401 0.751375088715401 0.799458836053939 65.38984084129333
23__column__rbf__1__0__auto__1_0 0.7390436479772888 0.7390436479772888 0.7604684173172462 127.99820494651794
23__column__rbf__1__0__scale__1_0 0.7153122782114976 0.7153122782114976 0.7407292405961675 54.77519989013672
23__column__rbf__1__0__auto__1024_0 0.743834279630944 0.743834279630944 0.780917317246274 47.30173420906067
23__column__rbf__1__0__scale__1024_0 0.7424148332150461 0.7424148332150461 0.7728442157558553 39.954339265823364
23__column__rbf__1__0__auto__2048_0 0.7436568488289567 0.7436568488289567 0.7775461320085166 46.74291157722473
23__column__rbf__1__0__scale__2048_0 0.7482700496806246 0.7482700496806246 0.777235628105039 40.06851863861084
41__row__rbf__1__0__auto__1_0 0.6867015613910575 0.6867015613910575 0.7212562100780695 521.461475610733
41__row__rbf__1__0__scale__1_0 0.7016057487579844 0.7016057487579844 0.7640170333569908 139.538578748703
41__row__rbf__1__0__auto__1024_0 0.7327004968062456 0.7327004968062456 0.7738200851667849 126.58742666244507
41__row__rbf__1__0__scale__1024_0 0.7524840312278211 0.7524840312278211 0.7944464158977999 70.206472158432
41__row__rbf__1__0__auto__2048_0 0.7332771469127041 0.7332771469127041 0.7771469127040455 117.20350527763367
41__row__rbf__1__0__scale__2048_0 0.7503105039034776 0.7503105039034776 0.7978619588360539 73.74824929237366
41__column__rbf__1__0__auto__1_0 0.7153566359119943 0.7153566359119943 0.7320794889992903 86.73056936264038
41__column__rbf__1__0__scale__1_0 0.7123846699787083 0.7123846699787083 0.7377129169623847 63.85029220581055
41__column__rbf__1__0__auto__1024_0 0.759403832505323 0.759403832505323 0.7869943222143364 48.381922006607056
41__column__rbf__1__0__scale__1024_0 0.7445440028388929 0.7445440028388929 0.7738200851667849 36.65221810340881
41__column__rbf__1__0__auto__2048_0 0.7531493967352733 0.7531493967352733 0.7908090844570618 48.47295784950256
41__column__rbf__1__0__scale__2048_0 0.7504435770049681 0.7504435770049681 0.7805624556422995 37.6125054359436
7__row__rbf__1__1__auto__1_0 0.6983232789212207 0.6983232789212207 0.7551011355571328 127.44199252128601
7__row__rbf__1__1__scale__1_0 0.6983676366217175 0.6983676366217175 0.7551454932576295 116.88096141815186
7__row__rbf__1__1__auto__1024_0 0.7175745209368346 0.7175745209368346 0.7861071682044003 98.47275900840759
7__row__rbf__1__1__scale__1024_0 0.7176188786373314 0.7176188786373314 0.7861515259048971 98.16109323501587
7__row__rbf__1__1__auto__2048_0 0.7222320794889993 0.7222320794889993 0.7911195883605394 117.33327507972717
7__row__rbf__1__1__scale__2048_0 0.7222320794889993 0.7222320794889993 0.7910752306600426 115.09004878997803
7__column__rbf__1__1__auto__1_0 0.700762952448545 0.700762952448545 0.7399308019872249 49.13522934913635
7__column__rbf__1__1__scale__1_0 0.700762952448545 0.700762952448545 0.7399308019872249 49.37448811531067
7__column__rbf__1__1__auto__1024_0 0.7268452803406671 0.7268452803406671 0.7537704045422285 45.86970329284668
7__column__rbf__1__1__scale__1024_0 0.7269339957416607 0.7269339957416607 0.7538591199432222 48.053077697753906
7__column__rbf__1__1__auto__2048_0 0.7270227111426544 0.7270227111426544 0.7531050390347764 52.057058334350586
7__column__rbf__1__1__scale__2048_0 0.7271557842441447 0.7271557842441447 0.7531937544357701 51.72430872917175
13__row__rbf__1__1__auto__1_0 0.7214779985805536 0.7214779985805536 0.7618878637331441 67.4061279296875
13__row__rbf__1__1__scale__1_0 0.7214779985805536 0.7214779985805536 0.7618878637331441 68.13535833358765
13__row__rbf__1__1__auto__1024_0 0.7423704755145494 0.7423704755145494 0.7957771469127041 43.87621808052063
13__row__rbf__1__1__scale__1024_0 0.7423704755145494 0.7423704755145494 0.7957771469127041 43.56224465370178
13__row__rbf__1__1__auto__2048_0 0.7405518097941802 0.7405518097941802 0.7972409510290986 44.36802625656128
13__row__rbf__1__1__scale__2048_0 0.740596167494677 0.740596167494677 0.7972853087295955 45.31121206283569
13__column__rbf__1__1__auto__1_0 0.7101224272533712 0.7101224272533712 0.7410397444996452 46.53515553474426
13__column__rbf__1__1__scale__1_0 0.7101224272533712 0.7101224272533712 0.7410397444996452 46.493104457855225
13__column__rbf__1__1__auto__1024_0 0.728264726756565 0.728264726756565 0.7656582682753726 34.88809514045715
13__column__rbf__1__1__scale__1024_0 0.7283090844570618 0.7283090844570618 0.7656582682753726 34.524693727493286
13__column__rbf__1__1__auto__2048_0 0.7278211497515968 0.7278211497515968 0.7599804826117814 34.43494009971619
13__column__rbf__1__1__scale__2048_0 0.7279098651525905 0.7279098651525905 0.7600691980127751 36.65607810020447
23__row__rbf__1__1__auto__1_0 0.7587828246983677 0.7587828246983677 0.8085521646557843 156.39818572998047
23__row__rbf__1__1__scale__1_0 0.7587828246983677 0.7587828246983677 0.8085521646557843 118.85053539276123
23__row__rbf__1__1__auto__1024_0 0.7532381121362669 0.7532381121362669 0.777013839602555 37.4763560295105
23__row__rbf__1__1__scale__1024_0 0.7534155429382541 0.7534155429382541 0.7771912704045423 37.695385456085205
23__row__rbf__1__1__auto__2048_0 0.7501774308019872 0.7501774308019872 0.7786550745209369 38.179643392562866
23__row__rbf__1__1__scale__2048_0 0.7501774308019872 0.7501774308019872 0.77861071682044 38.29111862182617
23__column__rbf__1__1__auto__1_0 0.7116749467707594 0.7116749467707594 0.7307487579843861 60.18326497077942
23__column__rbf__1__1__scale__1_0 0.7116749467707594 0.7116749467707594 0.7307487579843861 59.952078104019165
23__column__rbf__1__1__auto__1024_0 0.7386000709723208 0.7386000709723208 0.7468949609652236 42.5826735496521
23__column__rbf__1__1__scale__1024_0 0.7386000709723208 0.7386000709723208 0.7468949609652236 42.13762140274048
23__column__rbf__1__1__auto__2048_0 0.7387331440738112 0.7387331440738112 0.747028034066714 40.73469948768616
23__column__rbf__1__1__scale__2048_0 0.7387331440738112 0.7387331440738112 0.7469836763662172 40.25490665435791
41__row__rbf__1__1__auto__1_0 0.7337650816181689 0.7337650816181689 0.7834457061745919 88.5932548046112
41__row__rbf__1__1__scale__1_0 0.73305535841022 0.73305535841022 0.7843772178850248 92.27691078186035
41__row__rbf__1__1__auto__1024_0 0.7349627395315826 0.7349627395315826 0.7854418026969482 36.276671171188354
41__row__rbf__1__1__scale__1024_0 0.7365152590489709 0.7365152590489709 0.7819375443577005 37.58795499801636
41__row__rbf__1__1__auto__2048_0 0.7373136976579134 0.7373136976579134 0.7865507452093683 35.4691379070282
41__row__rbf__1__1__scale__2048_0 0.7365152590489709 0.7365152590489709 0.7853974449964514 35.56210803985596
41__column__rbf__1__1__auto__1_0 0.7138041163946061 0.7138041163946061 0.73624911284599 62.035765647888184
41__column__rbf__1__1__scale__1_0 0.7191713981547196 0.7191713981547196 0.7433019872249823 62.36283731460571
41__column__rbf__1__1__auto__1024_0 0.7329222853087296 0.7329222853087296 0.7430358410220014 46.765599966049194
41__column__rbf__1__1__scale__1024_0 0.7372249822569198 0.7372249822569198 0.7480926188786373 38.661705493927
41__column__rbf__1__1__auto__2048_0 0.7385113555713272 0.7385113555713272 0.7469393186657204 40.013524770736694
41__column__rbf__1__1__scale__2048_0 0.7376242015613911 0.7376242015613911 0.7464513839602555 37.8815701007843
7__row__linear__1__0__auto__1_0 0.6425656493967353 0.6425656493967353 0.6964602555003548 141.5879099369049
7__row__linear__1__0__scale__1_0 0.6425656493967353 0.6425656493967353 0.6964602555003548 137.62109565734863
7__row__linear__1__0__auto__1024_0 0.6590667139815471 0.6590667139815471 0.765791341376863 890.6820707321167
7__row__linear__1__0__scale__1024_0 0.6448722498225692 0.6448722498225692 0.683152945351313 853.3837084770203
7__row__linear__1__0__auto__2048_0 0.5283002129169624 0.5283002129169624 0.5809528034066714 1158.167513847351
7__row__linear__1__0__scale__2048_0 0.6348030518097941 0.6348030518097941 0.6965933286018453 1152.6883761882782
7__column__linear__1__0__auto__1_0 0.7147799858055358 0.7147799858055358 0.7294180269694819 145.315096616745
7__column__linear__1__0__scale__1_0 0.7147799858055358 0.7147799858055358 0.7294623846699787 129.7194538116455
7__column__linear__1__0__auto__1024_0 0.1688697657913414 0.1688697657913414 0.31152413058907025 921.1448769569397
7__column__linear__1__0__scale__1024_0 0.3464336408800568 0.3464336408800568 0.4178495386799148 934.3271651268005
7__column__linear__1__0__auto__2048_0 0.09740951029098652 0.09740951029098652 0.21713094393186658 1003.3402941226959
7__column__linear__1__0__scale__2048_0 0.09009048970901348 0.09009048970901348 0.18727821149751597 974.6612682342529
13__row__linear__1__0__auto__1_0 0.6566713981547196 0.6566713981547196 0.6934882895670689 184.58630537986755
13__row__linear__1__0__scale__1_0 0.6566713981547196 0.6566713981547196 0.6934882895670689 187.64269590377808
13__row__linear__1__0__auto__1024_0 0.6918914123491838 0.6918914123491838 0.7185060326472675 701.6146776676178
13__row__linear__1__0__scale__1024_0 0.6470901348474095 0.6470901348474095 0.6743257629524485 774.1584420204163
13__row__linear__1__0__auto__2048_0 0.6489088005677786 0.6489088005677786 0.7005855216465579 920.5845336914062
13__row__linear__1__0__scale__2048_0 0.5603708303761533 0.5603708303761533 0.6049946770759403 857.9052412509918
13__column__linear__1__0__auto__1_0 0.7193931866572036 0.7193931866572036 0.7283977998580553 162.69819045066833
13__column__linear__1__0__scale__1_0 0.7193931866572036 0.7193931866572036 0.7283977998580553 131.89779591560364
13__column__linear__1__0__auto__1024_0 0.3294889992902768 0.3294889992902768 0.41115152590489706 775.6766781806946
13__column__linear__1__0__scale__1024_0 0.3281582682753726 0.3281582682753726 0.41816004258339246 780.8718357086182
13__column__linear__1__0__auto__2048_0 0.3808552164655784 0.3808552164655784 0.436346699787083 764.3480768203735
13__column__linear__1__0__scale__2048_0 0.5112668559261888 0.5112668559261888 0.5817955997161107 757.2063355445862
23__row__linear__1__0__auto__1_0 0.6581352022711142 0.6581352022711142 0.6924680624556423 209.8187072277069
23__row__linear__1__0__scale__1_0 0.6581352022711142 0.6581352022711142 0.6924680624556423 211.09624457359314
23__row__linear__1__0__auto__1024_0 0.727111426543648 0.727111426543648 0.7574520936834634 401.4776062965393
23__row__linear__1__0__scale__1024_0 0.7149130589070263 0.7149130589070263 0.7389105748757985 413.1556990146637
23__row__linear__1__0__auto__2048_0 0.6999645138396026 0.6999645138396026 0.8025638750887154 443.9417231082916
23__row__linear__1__0__scale__2048_0 0.7067512420156139 0.7067512420156139 0.7633960255500355 453.6347541809082
23__column__linear__1__0__auto__1_0 0.723429737402413 0.723429737402413 0.7323012775017743 135.78445196151733
23__column__linear__1__0__scale__1_0 0.723429737402413 0.723429737402413 0.7323012775017743 134.8554880619049
23__column__linear__1__0__auto__1024_0 0.6721078779276083 0.6721078779276083 0.7090578424414479 841.5807492733002
23__column__linear__1__0__scale__1024_0 0.1576029098651526 0.1576029098651526 0.24015259048970902 841.227648973465
23__column__linear__1__0__auto__2048_0 0.49321327182398866 0.49321327182398866 0.5927519517388219 914.0999984741211
23__column__linear__1__0__scale__2048_0 0.681334279630944 0.681334279630944 0.7169978708303761 887.292876958847
41__row__linear__1__0__auto__1_0 0.6582682753726047 0.6582682753726047 0.6925124201561391 380.09585976600647
41__row__linear__1__0__scale__1_0 0.6582682753726047 0.6582682753726047 0.6925124201561391 385.13709902763367
41__row__linear__1__0__auto__1024_0 0.6960610361958836 0.6960610361958836 0.7180180979418027 400.1004490852356
41__row__linear__1__0__scale__1024_0 0.6960610361958836 0.6960610361958836 0.7180180979418027 402.64517617225647
41__row__linear__1__0__auto__2048_0 0.7261799148332151 0.7261799148332151 0.7652590489709014 471.88534569740295
41__row__linear__1__0__scale__2048_0 0.7261799148332151 0.7261799148332151 0.7652590489709014 472.39702892303467
41__column__linear__1__0__auto__1_0 0.7245386799148332 0.7245386799148332 0.7335432931156849 152.1179699897766
41__column__linear__1__0__scale__1_0 0.7245386799148332 0.7245386799148332 0.7335432931156849 151.84399580955505
41__column__linear__1__0__auto__1024_0 0.5450230660042583 0.5450230660042583 0.5767831795599716 760.446944475174
41__column__linear__1__0__scale__1024_0 0.5450230660042583 0.5450230660042583 0.5767831795599716 759.7173533439636
41__column__linear__1__0__auto__2048_0 0.6238466997870831 0.6238466997870831 0.6823101490418737 889.8023569583893
41__column__linear__1__0__scale__2048_0 0.6238466997870831 0.6238466997870831 0.6823101490418737 889.2015883922577
7__row__linear__1__1__auto__1_0 0.6408356990773598 0.6408356990773598 0.6964602555003548 158.19734048843384
7__row__linear__1__1__scale__1_0 0.6408356990773598 0.6408356990773598 0.6964602555003548 163.76030111312866
7__row__linear__1__1__auto__1024_0 0.42428140525195174 0.42428140525195174 0.5704843860894251 1278.6902346611023
7__row__linear__1__1__scale__1024_0 0.4634048970901348 0.4634048970901348 0.6219836763662172 1287.4086635112762
7__row__linear__1__1__auto__2048_0 0.4391412349183818 0.4391412349183818 0.7246717530163236 1373.620771408081
7__row__linear__1__1__scale__2048_0 0.5119765791341376 0.5119765791341376 0.6926898509581263 1488.3243608474731
7__column__linear__1__1__auto__1_0 0.7148243435060326 0.7148243435060326 0.7296841731724627 152.93671250343323
7__column__linear__1__1__scale__1_0 0.7148243435060326 0.7148243435060326 0.7296398154719659 146.47834968566895
7__column__linear__1__1__auto__1024_0 0.5222675656493967 0.5222675656493967 0.6493967352732435 1186.462679862976
7__column__linear__1__1__scale__1024_0 0.3969570617459191 0.3969570617459191 0.539833215046132 1190.1229412555695
7__column__linear__1__1__auto__2048_0 0.1684261887863733 0.1684261887863733 0.5161462029808375 1207.896893978119
7__column__linear__1__1__scale__2048_0 0.4117281760113556 0.4117281760113556 0.6558286018452804 1207.9528803825378
13__row__linear__1__1__auto__1_0 0.6889194464158978 0.6889194464158978 0.712695173882186 138.94418573379517
13__row__linear__1__1__scale__1_0 0.688875088715401 0.688875088715401 0.7126508161816891 143.3111526966095
13__row__linear__1__1__auto__1024_0 0.377971965933286 0.377971965933286 0.4253459900638751 1143.1670508384705
13__row__linear__1__1__scale__1024_0 0.6099627395315826 0.6099627395315826 0.7031582682753726 1136.713015794754
13__row__linear__1__1__auto__2048_0 0.3191092973740241 0.3191092973740241 0.5165897799858056 1145.7068474292755
13__row__linear__1__1__scale__2048_0 0.3246540099361249 0.3246540099361249 0.4495209368346345 1114.1092529296875
13__column__linear__1__1__auto__1_0 0.7194819020581973 0.7194819020581973 0.7283090844570618 178.0124547481537
13__column__linear__1__1__scale__1_0 0.7194819020581973 0.7194819020581973 0.7283090844570618 181.02495908737183
13__column__linear__1__1__auto__1024_0 0.40742547906316534 0.40742547906316534 0.502971965933286 1082.9311945438385
13__column__linear__1__1__scale__1024_0 0.5279453513129879 0.5279453513129879 0.6473119233498935 1083.8389074802399
13__column__linear__1__1__auto__2048_0 0.24112845990063875 0.24112845990063875 0.3581440738112136 1078.2626903057098
13__column__linear__1__1__scale__2048_0 0.5536284599006388 0.5536284599006388 0.6576916252661462 1079.348415851593
23__row__linear__1__1__auto__1_0 0.7209900638750887 0.7209900638750887 0.750221788502484 234.45153737068176
23__row__linear__1__1__scale__1_0 0.7209900638750887 0.7209900638750887 0.750221788502484 235.62175798416138
23__row__linear__1__1__auto__1024_0 0.6045067423704755 0.6045067423704755 0.653832505322924 958.9339780807495
23__row__linear__1__1__scale__1024_0 0.7464513839602555 0.7464513839602555 0.7952892122072391 957.3279521465302
23__row__linear__1__1__auto__2048_0 0.6208303761533002 0.6208303761533002 0.7008960255500355 971.7883675098419
23__row__linear__1__1__scale__2048_0 0.5044357700496807 0.5044357700496807 0.5969215755855216 963.8446674346924
23__column__linear__1__1__auto__1_0 0.7236958836053939 0.7236958836053939 0.7325230660042583 211.0713596343994
23__column__linear__1__1__scale__1_0 0.723429737402413 0.723429737402413 0.7322125621007807 208.29007482528687
23__column__linear__1__1__auto__1024_0 0.44703690560681336 0.44703690560681336 0.5403211497515968 961.204799413681
23__column__linear__1__1__scale__1024_0 0.3557487579843861 0.3557487579843861 0.46433640880056776 972.160409450531
23__column__linear__1__1__auto__2048_0 0.3912349183818311 0.3912349183818311 0.4993346344925479 990.7218451499939
23__column__linear__1__1__scale__2048_0 0.3526880766501065 0.3526880766501065 0.4641589779985806 996.0285654067993
41__row__linear__1__1__auto__1_0 0.7226756564939674 0.7226756564939674 0.7519960965223563 153.14062786102295
41__row__linear__1__1__scale__1_0 0.7226756564939674 0.7226756564939674 0.7519960965223563 153.17756390571594
41__row__linear__1__1__auto__1024_0 0.65888928317956 0.65888928317956 0.7595369056068133 969.3294870853424
41__row__linear__1__1__scale__1024_0 0.65888928317956 0.65888928317956 0.7595369056068133 969.5487520694733
41__row__linear__1__1__auto__2048_0 0.6825762952448545 0.6825762952448545 0.7437012065294535 960.6276247501373
41__row__linear__1__1__scale__2048_0 0.6825762952448545 0.6825762952448545 0.7437012065294535 960.1600017547607
41__column__linear__1__1__auto__1_0 0.7405074520936835 0.7405074520936835 0.7479151880766501 214.0063760280609
41__column__linear__1__1__scale__1_0 0.7405074520936835 0.7405074520936835 0.7479151880766501 213.97451305389404
41__column__linear__1__1__auto__1024_0 0.459944996451384 0.459944996451384 0.6020227111426544 1025.8606865406036
41__column__linear__1__1__scale__1024_0 0.459944996451384 0.459944996451384 0.6020227111426544 1025.4893488883972
41__column__linear__1__1__auto__2048_0 0.3804559971611072 0.3804559971611072 0.44925479063165363 1041.1061425209045
41__column__linear__1__1__scale__2048_0 0.3804559971611072 0.3804559971611072 0.44925479063165363 1040.6360609531403
7__row__poly__1__0__auto__1_0 0.6992991483321505 0.6992991483321505 0.7583836053938964 144.2295105457306
7__row__poly__1__0__scale__1_0 0.6831085876508162 0.6831085876508162 0.7402856635911994 67.20569396018982
7__row__poly__1__0__auto__1024_0 0.7270670688431512 0.7270670688431512 0.7810503903477644 141.0445294380188
7__row__poly__1__0__scale__1024_0 0.7237402413058907 0.7237402413058907 0.8094836763662172 162.58262848854065
7__row__poly__1__0__auto__2048_0 0.7327448545067423 0.7327448545067423 0.7935592618878637 92.64859557151794
7__row__poly__1__0__scale__2048_0 0.7198367636621718 0.7198367636621718 0.8096611071682044 170.36914134025574
7__column__poly__1__0__auto__1_0 0.7138041163946061 0.7138041163946061 0.7417051100070973 45.714391469955444
7__column__poly__1__0__scale__1_0 0.7149130589070263 0.7149130589070263 0.7404630943931867 69.40022325515747
7__column__poly__1__0__auto__1024_0 0.7348740241305891 0.7348740241305891 0.7618435060326473 173.21392464637756
7__column__poly__1__0__scale__1024_0 0.7349627395315826 0.7349627395315826 0.7644606103619588 119.23656511306763
7__column__poly__1__0__auto__2048_0 0.7275993612491128 0.7275993612491128 0.7672107877927609 222.77226853370667
7__column__poly__1__0__scale__2048_0 0.7355837473385379 0.7355837473385379 0.7648154719659332 160.87348461151123
13__row__poly__1__0__auto__1_0 0.6939762242725337 0.6939762242725337 0.7383782824698367 223.96325874328613
13__row__poly__1__0__scale__1_0 0.6837295954577715 0.6837295954577715 0.743346344925479 149.66382002830505
13__row__poly__1__0__auto__1024_0 0.72458303761533 0.72458303761533 0.7816713981547196 69.1064932346344
13__row__poly__1__0__scale__1024_0 0.7501330731014905 0.7501330731014905 0.8042051100070973 114.50255060195923
13__row__poly__1__0__auto__2048_0 0.7286195883605394 0.7286195883605394 0.7805624556422995 72.79581546783447
13__row__poly__1__0__scale__2048_0 0.741084102200142 0.741084102200142 0.8027413058907026 130.59532833099365
13__column__poly__1__0__auto__1_0 0.7085255500354861 0.7085255500354861 0.7393097941802697 50.97229266166687
13__column__poly__1__0__scale__1_0 0.7151348474095103 0.7151348474095103 0.7452537260468417 76.19363713264465
13__column__poly__1__0__auto__1024_0 0.7322125621007807 0.7322125621007807 0.7733321504613201 40.28250050544739
13__column__poly__1__0__scale__1024_0 0.7446770759403832 0.7446770759403832 0.7839336408800568 41.98913049697876
13__column__poly__1__0__auto__2048_0 0.7370031937544358 0.7370031937544358 0.7773243435060326 42.351752519607544
13__column__poly__1__0__scale__2048_0 0.7549680624556423 0.7549680624556423 0.7913857345635202 44.72108793258667
23__row__poly__1__0__auto__1_0 0.6562721788502484 0.6562721788502484 0.743834279630944 404.6253559589386
23__row__poly__1__0__scale__1_0 0.6839957416607523 0.6839957416607523 0.7435681334279631 99.34403491020203
23__row__poly__1__0__auto__1024_0 0.6841731724627396 0.6841731724627396 0.7421930447125621 91.64805769920349
23__row__poly__1__0__scale__1024_0 0.7410397444996452 0.7410397444996452 0.7860628105039035 116.00685524940491
23__row__poly__1__0__auto__2048_0 0.7054648687012065 0.7054648687012065 0.7623314407381121 89.34298706054688
23__row__poly__1__0__scale__2048_0 0.7426366217175302 0.7426366217175302 0.788014549325763 133.29955220222473
23__column__poly__1__0__auto__1_0 0.6977022711142654 0.6977022711142654 0.7154009936124911 216.4659686088562
23__column__poly__1__0__scale__1_0 0.7239620298083748 0.7239620298083748 0.7468949609652236 99.66003108024597
23__column__poly__1__0__auto__1024_0 0.7555003548616039 0.7555003548616039 0.7894783534421576 37.262009382247925
23__column__poly__1__0__scale__1024_0 0.74361249112846 0.74361249112846 0.7810503903477644 39.820223569869995
23__column__poly__1__0__auto__2048_0 0.7421486870120653 0.7421486870120653 0.7819819020581973 37.317782402038574
23__column__poly__1__0__scale__2048_0 0.7472941802696949 0.7472941802696949 0.7930713271823988 40.321452140808105
41__row__poly__1__0__auto__1_0 0.6496185237757275 0.6496185237757275 0.7345191625266146 593.6891279220581
41__row__poly__1__0__scale__1_0 0.6840844570617459 0.6840844570617459 0.7437012065294535 392.67943024635315
41__row__poly__1__0__auto__1024_0 0.6839070262597587 0.6839070262597587 0.7440117104329311 450.4261989593506
41__row__poly__1__0__scale__1024_0 0.741305890702626 0.741305890702626 0.7824254790631654 115.47954988479614
41__row__poly__1__0__auto__2048_0 0.6841731724627396 0.6841731724627396 0.7435237757274663 211.15163946151733
41__row__poly__1__0__scale__2048_0 0.7424591909155429 0.7424591909155429 0.7873935415188077 156.84130096435547
41__column__poly__1__0__auto__1_0 0.6868789921930447 0.6868789921930447 0.7024929027679205 206.60059809684753
41__column__poly__1__0__scale__1_0 0.7196593328601846 0.7196593328601846 0.7427253371185237 59.515559673309326
41__column__poly__1__0__auto__1024_0 0.7514194464158978 0.7514194464158978 0.7806068133427964 44.68324398994446
41__column__poly__1__0__scale__1024_0 0.7449432221433641 0.7449432221433641 0.779764017033357 38.688746213912964
41__column__poly__1__0__auto__2048_0 0.7527945351312988 0.7527945351312988 0.7801188786373314 41.28040146827698
41__column__poly__1__0__scale__2048_0 0.7535486160397445 0.7535486160397445 0.7967973740241305 40.39887547492981
7__row__poly__1__1__auto__1_0 0.6842175301632364 0.6842175301632364 0.743346344925479 68.32634210586548
7__row__poly__1__1__scale__1_0 0.6840844570617459 0.6840844570617459 0.7432132718239887 67.4032347202301
7__row__poly__1__1__auto__1024_0 0.7356281050390348 0.7356281050390348 0.7975958126330731 230.26715207099915
7__row__poly__1__1__scale__1024_0 0.7340312278211497 0.7340312278211497 0.7950674237047551 225.20925855636597
7__row__poly__1__1__auto__2048_0 0.717264017033357 0.717264017033357 0.7683640880056778 379.3316493034363
7__row__poly__1__1__scale__2048_0 0.7038236337828248 0.7038236337828248 0.77013839602555 377.02661752700806
7__column__poly__1__1__auto__1_0 0.7195706174591909 0.7195706174591909 0.7524840312278211 56.41311836242676
7__column__poly__1__1__scale__1_0 0.7195706174591909 0.7195706174591909 0.7524396735273243 56.2443745136261
7__column__poly__1__1__auto__1024_0 0.7165986515259049 0.7165986515259049 0.7546132008516678 518.2468872070312
7__column__poly__1__1__scale__1024_0 0.7224095102909865 0.7224095102909865 0.7597586941092974 514.0029096603394
7__column__poly__1__1__auto__2048_0 0.6226046841731725 0.6226046841731725 0.6749911284599006 734.6296951770782
7__column__poly__1__1__scale__2048_0 0.6976579134137686 0.6976579134137686 0.7469393186657204 716.3734505176544
13__row__poly__1__1__auto__1_0 0.6949077359829666 0.6949077359829666 0.7622427253371186 257.64098381996155
13__row__poly__1__1__scale__1_0 0.708791696238467 0.708791696238467 0.7602022711142654 253.41387271881104
13__row__poly__1__1__auto__1024_0 0.7496894960965224 0.7496894960965224 0.8033179559971612 344.70445942878723
13__row__poly__1__1__scale__1024_0 0.7038236337828248 0.7038236337828248 0.7316359119943222 315.57089471817017
13__row__poly__1__1__auto__2048_0 0.7163768630234209 0.7163768630234209 0.7469836763662172 355.75919699668884
13__row__poly__1__1__scale__2048_0 0.720235982966643 0.720235982966643 0.8192423704755145 433.7421865463257
13__column__poly__1__1__auto__1_0 0.7337650816181689 0.7337650816181689 0.7615773598296665 46.09239101409912
13__column__poly__1__1__scale__1_0 0.7337650816181689 0.7337650816181689 0.7615773598296665 46.36228322982788
13__column__poly__1__1__auto__1024_0 0.7567867281760113 0.7567867281760113 0.8091731724627396 78.57373189926147
13__column__poly__1__1__scale__1024_0 0.7585166784953868 0.7585166784953868 0.8117459190915542 78.46280646324158
13__column__poly__1__1__auto__2048_0 0.7606458481192335 0.7606458481192335 0.8106369765791341 88.61786365509033
13__column__poly__1__1__scale__2048_0 0.7631742370475515 0.7631742370475515 0.811124911284599 87.19018936157227
23__row__poly__1__1__auto__1_0 0.7226312987934705 0.7226312987934705 0.7750621007806955 282.07291746139526
23__row__poly__1__1__scale__1_0 0.7224538679914834 0.7224538679914834 0.7746628814762243 240.78209042549133
23__row__poly__1__1__auto__1024_0 0.7077714691270405 0.7077714691270405 0.7547906316536551 153.48667407035828
23__row__poly__1__1__scale__1024_0 0.6623491838183109 0.6623491838183109 0.6941092973740242 173.45788526535034
23__row__poly__1__1__auto__2048_0 0.6910042583392477 0.6910042583392477 0.7214336408800568 167.3734314441681
23__row__poly__1__1__scale__2048_0 0.7352732434350603 0.7352732434350603 0.7618435060326473 187.42091059684753
23__column__poly__1__1__auto__1_0 0.7538147622427254 0.7538147622427254 0.7784776437189496 64.8512008190155
23__column__poly__1__1__scale__1_0 0.7538147622427254 0.7538147622427254 0.7784776437189496 64.7942008972168
23__column__poly__1__1__auto__1024_0 0.741084102200142 0.741084102200142 0.778388928317956 81.35683035850525
23__column__poly__1__1__scale__1024_0 0.7413946061036196 0.7413946061036196 0.7786994322214337 81.44169306755066
23__column__poly__1__1__auto__2048_0 0.7323012775017743 0.7323012775017743 0.7733321504613201 90.87423992156982
23__column__poly__1__1__scale__2048_0 0.7303495386799148 0.7303495386799148 0.7729329311568488 86.69507098197937
41__row__poly__1__1__auto__1_0 0.7291962384669979 0.7291962384669979 0.7908090844570618 222.42079401016235
41__row__poly__1__1__scale__1_0 0.7155784244144784 0.7155784244144784 0.7767476933995742 321.48082160949707
41__row__poly__1__1__auto__1024_0 0.7777235628105039 0.7777235628105039 0.8470102909865153 149.25655317306519
41__row__poly__1__1__scale__1024_0 0.7729772888573456 0.7729772888573456 0.8327714691270405 111.77633047103882
41__row__poly__1__1__auto__2048_0 0.7684971611071683 0.7684971611071683 0.8316181689141235 188.57956218719482
41__row__poly__1__1__scale__2048_0 0.7747515968772178 0.7747515968772178 0.8350337118523776 171.8170871734619
41__column__poly__1__1__auto__1_0 0.735805535841022 0.735805535841022 0.7602909865152591 48.654364824295044
41__column__poly__1__1__scale__1_0 0.7142476933995742 0.7142476933995742 0.7353619588360539 54.938093423843384
41__column__poly__1__1__auto__1024_0 0.7629080908445706 0.7629080908445706 0.7833126330731015 202.0697841644287
41__column__poly__1__1__scale__1024_0 0.764194464158978 0.764194464158978 0.7902767920511 60.732250452041626
41__column__poly__1__1__auto__2048_0 0.7635290986515259 0.7635290986515259 0.7837562100780695 99.19163107872009
41__column__poly__1__1__scale__2048_0 0.7647267565649397 0.7647267565649397 0.7861958836053939 70.56463694572449
